<svg width="1920" height="1007" viewBox="0 0 1920 1007" fill="none" xmlns="http://www.w3.org/2000/svg">
<g opacity="0.26">
<path d="M2268.22 360.3C2267.67 359.727 2267.12 359.153 2266.56 358.579C2195.15 397.314 2099.49 418.584 2032.94 407.653C1995.71 401.413 1969.85 384.016 1960.11 358.653C1949.91 331.141 1959.64 297.591 1987.48 264.187C1989.49 261.804 1991.62 259.37 1993.69 256.989C1995.61 254.775 1997.6 252.498 1999.53 250.232C2001.82 247.619 2003.97 245.101 2006.56 242.079L2006.81 241.795C2009.04 239.204 2011.33 236.506 2013.65 233.863C2032.57 211.262 2059.3 191.85 2091.22 177.177C2090.66 176.603 2090.11 176.029 2089.55 175.456C2057.63 190.235 2030.98 209.681 2012.15 232.273C2009.71 235.074 2007.26 237.928 2004.9 240.688L2004.75 240.856C2002.26 243.762 2000.19 246.187 1998.04 248.641C1996.03 251.003 1994 253.342 1992.02 255.608L1991.79 255.871C1989.89 258.063 1987.93 260.319 1985.98 262.596C1957.56 296.608 1947.73 330.966 1958.29 359.346C1967.96 385.4 1994.16 403.324 2032.06 409.842L2033.17 410.02C2100.31 420.812 2196.56 399.286 2268.22 360.3Z" fill="white"/>
<path d="M2292.21 385.064C2258.15 401.595 2220.11 415.834 2180.35 426.766C2110.49 445.928 2044.73 452.097 1995.16 444.168C1963.6 438.896 1937.96 426.858 1921.01 409.325C1912.95 400.992 1906.93 391.575 1903.08 381.311C1888.5 344.165 1900.81 296.425 1936.84 250.331L1962.07 219.236C1984.98 189.762 2018.87 163.784 2059.26 143.996C2058.68 143.39 2058.08 142.773 2057.5 142.167C2017.01 162.081 1983.04 188.185 1960.03 217.774L1934.8 248.87C1898.37 295.617 1885.97 344.186 1900.75 382.134C1907.34 398.927 1918.85 413.025 1934.95 424.008C1951.02 434.979 1971.13 442.484 1994.73 446.343C2044.5 454.307 2110.58 448.122 2180.82 428.924C2220.98 417.925 2259.41 403.512 2293.82 386.752C2293.29 386.189 2292.75 385.626 2292.21 385.064Z" fill="white"/>
<path d="M2317.34 411.017C2277.05 428.901 2231.89 444.862 2184.08 457.914C2092.08 482.631 2013.83 490.356 1957.82 480.252C1921.33 474.408 1891.22 460.133 1870.78 438.996C1861.27 429.158 1853.84 417.854 1848.71 405.397C1829.14 357.958 1843.36 295.846 1887.72 234.999C1895.75 224.5 1904.01 213.749 1912.01 203.356C1939.62 166.296 1979.25 133.975 2026.05 109.462C2025.52 108.91 2024.97 108.347 2024.44 107.795C1977.62 132.457 1937.92 164.841 1910.16 201.919C1901.94 212.607 1893.78 223.263 1885.87 233.563C1841.08 295.126 1826.76 358.066 1846.6 406.223C1863.12 446.574 1902.44 473.673 1957.3 482.533C2013.68 492.663 2092.3 484.934 2184.68 460.181C2232.97 446.956 2278.52 430.832 2319.05 412.792C2318.48 412.196 2317.91 411.612 2317.34 411.017Z" fill="white"/>
<path d="M2342.31 436.788C2299.86 454.487 2248.08 472.699 2185.59 489.558C2072.73 519.352 1983.54 528.371 1920.51 516.361C1885.39 510.156 1856.5 497.861 1834.63 479.787C1830.53 476.258 1827.07 473.048 1824.09 469.963C1808.74 453.873 1797.53 433.999 1791.66 412.491C1776.06 354.186 1794.12 283.154 1841.2 217.605C1844.16 213.525 1847.14 209.413 1850.12 205.29L1851 204.091C1855.44 197.949 1860.03 191.586 1864.63 185.319C1896.84 140.779 1940.47 102.915 1991.99 74.0103C1991.43 73.4367 1990.88 72.8631 1990.32 72.2895C1938.83 101.28 1895.22 139.25 1862.98 183.896C1858.16 190.468 1853.34 197.136 1849.09 203.026L1848.39 203.994C1845.43 208.085 1842.49 212.144 1839.54 216.193C1792 282.287 1773.85 354.021 1789.72 412.991C1796.94 440.036 1812.04 463.691 1833.36 481.394C1855.31 499.768 1884.56 512.271 1920.29 518.54C1983.64 530.492 2073.14 521.467 2186.28 491.731C2249.28 474.699 2301.38 456.365 2344.02 438.552C2343.44 437.957 2342.88 437.372 2342.31 436.788Z" fill="white"/>
<path d="M2367.05 462.289C2313.55 483.059 2252.51 502.732 2184.3 521.145C2052.73 555.625 1954.34 565.756 1883.5 552.134L1882.42 551.903C1839.1 543.558 1804.74 526.518 1780.31 501.246C1761.88 482.176 1748.8 458.076 1741.43 429.623C1733.28 397.239 1733.59 359.738 1742.32 321.21C1751.93 279.023 1770.59 237.352 1797.77 197.357L1802.14 191.044C1804.48 187.645 1806.82 184.192 1809.18 180.741L1809.56 180.183C1813.08 175.026 1816.71 169.69 1820.37 164.418C1855.09 113.682 1901.7 70.5246 1956.71 37.2609C1956.22 36.7522 1955.73 36.2435 1955.25 35.7243C1900.03 69.1656 1853.29 112.512 1818.49 163.449C1815.05 168.384 1811.66 173.362 1808.38 178.161L1807.99 178.73C1805.42 182.487 1802.77 186.37 1800.14 190.169L1795.78 196.482C1768.33 236.792 1749.55 278.727 1739.93 321.137C1731.17 360.006 1730.82 397.857 1738.94 430.613C1756.69 498.057 1805 539.691 1882.53 554.353L1883.01 554.851L1883.42 554.453C1954.51 568.059 2053.04 557.898 2184.65 523.397C2253.4 504.866 2314.88 485.04 2368.76 464.064C2368.21 463.49 2367.62 462.884 2367.05 462.289Z" fill="white"/>
<path d="M2391.77 487.8C2331.24 509.866 2261.21 531.506 2180.77 553.044C2028.31 592.483 1922.19 603.473 1846.79 587.623C1801.94 578.496 1765.92 560.13 1739.75 533.051C1717.86 510.409 1702.46 481.117 1693.99 445.981C1685.41 408.618 1686.11 364.875 1696.03 319.479C1707.89 267.728 1728.65 218.959 1757.7 174.536L1758.39 173.472C1765.25 162.868 1772.34 151.905 1779.57 140.839C1812.36 90.2297 1853.92 46.7422 1903.08 11.6123C1908.88 7.49469 1914.74 3.52701 1920.67 -0.343546C1920.16 -0.873865 1919.65 -1.40416 1919.15 -1.9341C1913.28 1.9054 1907.46 5.85242 1901.72 9.93906C1852.43 45.3543 1810.71 89.0628 1777.69 139.892C1770.2 151.358 1762.89 162.658 1755.83 173.588C1697.37 264.686 1673.46 366.844 1691.84 446.871C1710.8 524.683 1762.82 572.799 1846.46 589.896C1922.06 605.877 2028.51 594.925 2181.48 555.419C2262.42 533.783 2332.87 512.012 2393.72 489.791C2393.05 489.12 2392.41 488.46 2391.77 487.8Z" fill="white"/>
<path d="M2417.02 513.788C2337.56 540.878 2253.16 564.532 2174.8 585.413C2092.08 606.476 2027.75 619.387 1972.34 626.05C1906.63 634.126 1853.65 633.091 1810.34 622.883C1765.65 612.652 1729.47 593.463 1702.78 565.853L1702.57 565.637C1676.82 539.002 1659.14 504.05 1649.97 461.759C1640.94 419.214 1642.17 368.89 1653.5 316.204C1667.02 256.72 1689.96 200.387 1721.74 148.792L1728.86 137.096C1731.55 132.649 1734.36 128.119 1736.83 124.136L1737.14 123.63C1739.04 120.554 1740.96 117.467 1742.87 114.338C1777.93 56.8899 1823 7.35086 1876.81 -32.9169C1879.3 -34.7591 1881.83 -36.5579 1884.35 -38.3463C1883.78 -38.9416 1883.2 -39.5582 1882.63 -40.1534C1880.14 -38.3751 1877.65 -36.6181 1875.19 -34.786C1821.17 5.66968 1775.9 55.4184 1740.65 113.097C1738.64 116.374 1736.63 119.619 1734.64 122.843L1734.49 123.064C1731.9 127.247 1729.23 131.566 1726.64 135.845L1719.53 147.541C1687.47 199.536 1664.43 256.08 1651.03 315.619C1639.71 368.391 1638.5 419.045 1647.5 462.079C1656.99 505.036 1674.99 540.461 1701.01 567.378L1701.22 567.594C1728.45 595.543 1765.03 614.909 1809.96 625.155C1853.29 635.32 1906.55 636.36 1972.78 628.346C2028.43 621.655 2092.83 608.703 2175.5 587.586C2254.17 566.699 2338.96 542.999 2418.88 515.714C2418.27 515.054 2417.65 514.416 2417.02 513.788Z" fill="white"/>
<path d="M2442.96 540.469C2357.32 567.444 2264.91 591.995 2174.28 616.086L2166.16 618.258C2075.03 641.351 2004.84 655.514 1945.33 662.843C1874.26 671.498 1818.27 669.891 1774.14 657.945L1773.47 657.71C1727.67 645.704 1690.47 623.921 1662.85 592.985C1636.28 563.121 1617.83 523.546 1608.02 475.325C1598.88 427.7 1600.94 370.471 1614.02 309.798C1628.98 242.588 1654.3 178.269 1689.26 118.658L1709.98 83.5577C1747.5 19.7107 1793.68 -34.3128 1847.28 -77.171C1846.87 -77.5931 1846.49 -78.0148 1846.08 -78.4369C1792.37 -35.4529 1746.03 18.7171 1708.36 82.7532L1701.46 94.4533C1696.8 102.263 1692.16 110.137 1687.65 117.853C1652.65 177.751 1627.25 242.272 1612.16 309.649C1599.01 370.289 1596.91 427.837 1606.15 476.07C1615.98 524.601 1634.63 564.551 1661.55 594.805C1689.35 626.137 1727.1 648.185 1773.78 660.323C1817.86 672.354 1874.14 673.977 1945.85 665.268C2005.04 657.988 2075.29 643.772 2166.94 620.56L2175.05 618.377C2266.06 594.196 2358.83 569.545 2444.8 542.416C2444.2 541.746 2443.58 541.107 2442.96 540.469Z" fill="white"/>
<path d="M2469.73 567.962C2451.98 572.974 2433.83 577.979 2415.23 583.083C2325.78 607.311 2238.24 630.294 2155.07 651.381C1971.63 697.61 1830.54 722.327 1738.21 692.659C1697.71 680.444 1663.86 660.475 1637.58 633.288C1603.74 598.286 1580.82 549.502 1569.5 488.299C1560.77 432.814 1563.96 368.259 1578.73 301.621C1594.51 229.687 1623.33 154.738 1662.08 84.8439L1662.49 84.1162C1668.92 72.6636 1675.58 60.821 1682.38 48.885C1719.75 -17.1791 1762.02 -71.1515 1811.04 -115.312C1810.46 -115.907 1809.9 -116.512 1809.32 -117.108C1760.08 -72.7067 1717.71 -18.5337 1680.35 47.6688C1673.31 60.0266 1666.57 72.0276 1660.05 83.6278C1621.24 153.553 1592.33 228.735 1576.46 301.028C1561.62 367.825 1558.42 432.679 1567.22 488.58C1587.66 598.962 1643.37 666.462 1737.53 694.905C1830.24 724.621 1971.69 699.963 2155.53 653.763C2234.12 633.907 2321.65 610.924 2415.71 585.444C2435.05 580.107 2453.63 574.96 2471.59 569.867C2470.96 569.239 2470.35 568.6 2469.73 567.962Z" fill="white"/>
<path d="M2498.32 597.317C2484.23 600.783 2469.96 604.236 2455.55 607.739L2454.41 608.018C2447.31 609.633 2439.99 611.426 2432.93 613.169L2432.81 613.199C2429.44 614.026 2426.06 614.863 2422.67 615.678C2333.42 636.918 2239.33 660.567 2148.35 683.428L2141.4 685.12C2053.6 706.747 1961.56 728.621 1885.83 737.74C1808.77 747.178 1748.82 743.726 1702.51 727.207L1702.28 727.118C1608.72 693.427 1553.52 619.154 1533.53 500.061C1525.09 438.395 1529.73 366.135 1546.96 291.086C1564.94 211.791 1597.82 125.105 1639.5 46.9773C1645.96 34.993 1652.65 22.5865 1659.5 10.0552C1694.13 -53.7131 1733.1 -108.135 1775.77 -152.424C1775.18 -153.051 1774.6 -153.658 1774.01 -154.285C1731.13 -109.67 1692.13 -55.1522 1657.69 8.43831C1650.9 20.843 1644.23 33.239 1637.75 45.2338L1637.68 45.3709C1595.78 123.771 1562.81 210.648 1544.8 289.964C1527.55 365.289 1522.9 437.847 1531.35 499.779C1551.36 619.926 1606.98 694.899 1701.39 728.987L1702.21 729.278C1749.11 745.892 1809.29 749.295 1886.17 739.694C1963.11 730.34 2054.78 708.555 2142.1 687.059L2179.94 677.65L2180.41 677.53C2261.36 657.299 2345.04 636.391 2423.36 617.627C2427.33 616.673 2431.3 615.707 2435.24 614.763C2441.75 613.201 2448.49 611.59 2455.1 609.967C2470.25 606.295 2485.21 602.663 2500 599.017C2499.44 598.453 2498.88 597.88 2498.32 597.317Z" fill="white"/>
<path d="M2528.97 628.698C2522.77 629.956 2516.54 631.202 2510.27 632.469L2492.39 636.084C2471.25 640.358 2449.38 644.789 2427.13 649.49C2342.74 666.81 2244.04 689.7 2125.39 719.438L2122.68 720.095C2023.95 744.112 1930.69 766.796 1853.24 776.131C1773.74 785.964 1712.87 781.219 1667.12 761.612L1666.23 761.405L1666.16 761.468C1621.36 742.931 1585.35 712.684 1556.11 669.031C1526.88 624.345 1508.14 570.852 1500.46 510.03C1492.65 441.786 1499.19 361.318 1519.39 277.302C1539.98 190.215 1576.68 93.118 1622.76 3.88698C1627.15 -4.39577 1631.64 -12.9428 1635.97 -21.2159L1636.05 -21.353C1638.25 -25.5528 1640.46 -29.763 1642.68 -33.9838C1674.26 -93.9712 1707.3 -144.778 1742.57 -187.436C1742.03 -188.02 1741.47 -188.593 1740.93 -189.178C1705.5 -146.321 1672.37 -95.3659 1640.73 -35.2837C1638.67 -31.3371 1636.59 -27.4227 1634.53 -23.5292L1634 -22.5374C1629.88 -14.7186 1625.19 -5.85527 1620.81 2.58723C1574.79 91.6916 1538.01 189 1517.23 276.584C1496.9 360.768 1490.35 441.534 1498.26 510.142C1505.85 571.079 1524.71 624.873 1554.31 670.065C1583.81 714.265 1620.27 744.84 1665.83 763.57L1666.46 764.22L1666.7 763.979C1712.82 783.549 1773.87 788.245 1853.34 778.316C1930.25 769.035 2022.75 746.53 2120.68 722.712L2125.73 721.477C2247.16 691.19 2345.77 668.383 2427.21 651.738C2449.48 647.037 2471.2 642.646 2492.18 638.402L2507.29 635.336C2515.19 633.745 2523.02 632.163 2530.82 630.592C2530.21 629.986 2529.59 629.347 2528.97 628.698Z" fill="white"/>
<path d="M2563.14 663.652C2557.47 664.483 2551.74 665.333 2545.89 666.192L2535.3 667.78C2500.9 672.915 2465.33 678.243 2428.35 684.76C2336.39 700.152 2228.37 723.364 2107.24 753.741C2102.58 754.887 2097.89 756.032 2093.18 757.176C2088.46 758.321 2083.77 759.465 2079.12 760.611C1982.94 784.097 1892.1 806.279 1818.82 815.057C1736.45 825.426 1677.05 819.301 1631.89 795.754C1607.88 783.829 1586.4 768.146 1568.06 749.174C1567.76 748.871 1567.46 748.557 1567.17 748.254C1550.91 731.222 1536.68 712.362 1524.87 692.179C1494.7 640.845 1476.73 584.204 1469.97 519.022C1462.97 444.489 1471.76 355.244 1495.41 260.938C1519.29 165.157 1560.51 56.7025 1611.46 -44.4226C1613.7 -48.7815 1615.94 -53.1509 1618.2 -57.5307L1618.59 -58.2801C1622.81 -66.4911 1627.19 -74.9975 1631.5 -83.4733C1658.06 -135.135 1684.91 -180.181 1712.37 -219.17C1711.92 -219.636 1711.49 -220.111 1711.05 -220.566C1683.39 -181.357 1656.42 -136.057 1629.75 -84.1096C1625.17 -75.298 1620.64 -66.4427 1616.28 -57.8933C1614.09 -53.5975 1611.91 -49.3121 1609.72 -45.0589C1558.78 56.0452 1517.5 164.605 1493.47 260.639C1469.52 354.791 1460.64 444.236 1467.79 519.315C1474.69 584.893 1492.72 641.855 1522.95 693.478C1552.83 742.89 1587.15 776.047 1630.95 797.814C1676.42 821.632 1736.23 827.861 1819.17 817.447C1892.59 808.778 1983.44 786.586 2079.65 763.09L2080.17 762.971C2089.17 760.76 2098.47 758.469 2107.82 756.21C2229.5 725.618 2337.51 702.418 2428.83 687.249C2470.41 679.926 2509.68 674.064 2546.34 668.691L2547.23 668.557C2553.3 667.659 2559.31 666.76 2565.29 665.861C2564.58 665.125 2563.87 664.389 2563.14 663.652Z" fill="white"/>
<path d="M2602.95 704.227C2594.14 704.972 2585.38 705.697 2576.64 706.411L2568.49 707.093C2523.32 710.853 2476.61 714.758 2426.79 721.441C2331.84 733.003 2217.49 755.543 2086.94 788.412C2069.89 792.606 2050.55 797.378 2031.78 801.957C1939.38 824.826 1852.09 846.44 1782.37 854.671C1698.75 865.264 1639.92 857.36 1597.16 829.787L1595.37 829.022C1578.78 818.639 1563.89 806.549 1549.86 792.035C1529.93 771.417 1512.01 746.128 1495.1 714.703C1464.62 656.274 1446.59 593.137 1441.49 527.067C1435.32 445.597 1446.95 347.17 1475.14 242.402C1502.49 138.684 1549.01 18.0449 1606.15 -97.3262C1611.98 -108.97 1619.25 -123.453 1626.42 -137.65C1646.86 -178.068 1666.77 -214.214 1686.45 -246.575C1686.07 -246.964 1685.7 -247.364 1685.33 -247.754C1665.54 -215.268 1645.54 -178.974 1624.99 -138.377C1618.28 -125.109 1611.34 -111.366 1604.72 -98.0531C1547.43 17.603 1500.84 138.38 1473.51 241.991C1445.3 347.046 1433.64 445.749 1439.81 527.454C1445.04 594.026 1463.18 657.452 1493.76 715.958C1522.93 770.021 1555.38 806.82 1595.87 831.724L1596.13 831.814C1639.3 859.755 1698.67 867.807 1783 857.183C1851.8 848.841 1938.52 827.505 2030.34 804.903L2032.66 804.335C2050.43 800.005 2069.14 795.382 2087.24 790.93L2087.82 790.791C2218.13 758.045 2332.35 735.525 2427.32 723.845C2477.64 717.117 2524.5 713.205 2569.82 709.426L2577.13 708.815C2586.41 708.046 2595.76 707.278 2605.13 706.489C2604.42 705.732 2603.68 704.985 2602.95 704.227Z" fill="white"/>
<path d="M1621.01 -187.969C1618.1 -182.142 1615.23 -176.346 1612.42 -170.655L1611.57 -168.934C1609.63 -165.007 1607.69 -161.101 1605.75 -157.194C1541.42 -26.2103 1488.57 107.757 1456.89 220.014C1423.61 336.374 1408.66 444.858 1413.66 533.74C1417.82 604.446 1435.37 672.717 1465.86 736.682C1494.94 796.951 1524.17 836.484 1560.63 864.854L1561.02 865.021C1602.16 897.527 1660.45 907.775 1744.45 897.252C1811.52 889.657 1898.61 867.572 1990.79 844.178L1997.66 842.441C2016.05 837.77 2040.39 831.614 2065.65 825.281C2202.38 790.025 2322.51 768.531 2422.74 761.391C2484.58 756.178 2541.95 756.116 2592.59 756.068C2614.32 756.063 2634.31 755.997 2653.51 755.672C2652.8 754.958 2652.09 754.222 2651.38 753.507C2632.49 753.805 2613.04 753.869 2592.61 753.875C2541.96 753.923 2484.57 753.984 2422.67 759.197C2322.28 766.323 2201.99 787.826 2065.18 823.101C2039.91 829.423 2015.56 835.601 1997.18 840.262L1997.13 840.271C1907.08 863.318 1813.96 887.133 1744.22 895.151C1661.12 905.615 1603.41 895.578 1562.61 863.546L1562.45 863.427L1562.24 863.423L1560.92 862.453C1525.24 834.224 1496.61 795.254 1468.05 736.101C1437.64 672.51 1420.11 604.516 1415.96 534.013C1410.86 445.417 1425.78 337.21 1459.14 221.085C1490.66 109.102 1543.45 -24.7601 1607.82 -155.829C1609.76 -159.714 1611.69 -163.63 1613.64 -167.547L1614.4 -169.078C1618.29 -176.922 1622.31 -185.009 1626.38 -193.116L1621.03 -187.947L1621.01 -187.969Z" fill="white"/>
<path d="M1577.38 -145.784C1521.87 -26.1907 1475.43 92.8426 1444.3 195.922C1404.43 326.755 1385.67 445.607 1390.03 539.588C1393.87 634.764 1417.68 702.885 1440.48 756.969C1463.66 808.663 1487.61 862.096 1526.25 898.36C1545.11 917.65 1569.1 930.82 1595.61 936.411C1625.05 943.339 1660.55 944.004 1704.15 938.471C1771.01 930.873 1858.74 907.787 1951.62 883.34C1983.59 874.821 2013.14 867.145 2041.98 859.851C2191.8 821.379 2317.63 801.194 2416 799.878C2481.4 797.812 2539.08 803.611 2594.87 809.207L2598.85 809.604C2637.66 813.476 2674.33 817.141 2711.61 817.868C2712.7 817.886 2713.77 817.915 2714.85 817.923C2713.99 817.057 2713.16 816.202 2712.33 815.368C2712.21 815.366 2712.08 815.364 2711.93 815.361L2711.74 815.358C2674.57 814.729 2637.92 811.075 2599.05 807.191L2595.16 806.806C2539.35 801.199 2481.61 795.41 2416.07 797.367C2317.89 798.58 2191.9 818.772 2041.57 857.374C2021.86 862.364 2002.19 867.514 1983.18 872.515L1982.52 872.695C1972.2 875.406 1961.54 878.195 1951.22 880.885C1854.16 906.347 1770.36 928.339 1704.12 935.99C1660.92 941.508 1625.67 940.848 1596.4 933.954C1570.67 928.483 1547.2 915.684 1528.52 896.94L1528.53 896.929L1527.85 896.268L1527.71 896.149C1489.33 859.719 1465.67 806.845 1442.79 755.698C1420.02 701.541 1396.23 633.462 1392.42 539.139C1388.05 445.147 1406.79 326.593 1446.64 196.28C1478.06 91.9717 1525.31 -28.8259 1581.85 -150.126L1577.37 -145.795L1577.38 -145.784Z" fill="white"/>
</g>
</svg>
